
 DAZ = 0.952381 
 DEL = 0.900000 
 NEL = 21 
 NAZ = 400 
 NS = 1000 